85444444442222222222224444444458
22144444421111111111112444444211
22144444421111110000002444444211
22214444211111100000000244442100
44221442111111000000000024421044
44421221111110000000000002210444
44442221111100000000000002224444
44444221111000000000000002244444
44442211111000000000000001224444
44442211111000000000000001224444
44442211111000000000000001224444
44442211111000000000000001224444
44442211111100000000000001224444
44442211111100000000000001224444
44421111111110000000000000112444
44421113231111000000003230012444
44421112222231000003222220012444
44421113222222000022222230012444
44442211322622000022623300224444
44442211003333000033330001224444
44444421000000000000000012444444
44444442100000022000000124444444
44444442110000022000001124444444
44444444211100022000111244444444
44444442221000033000012224444444
44444422821000000000012820444444
44444211521210000001212521044444
44442214721210200201212742104444
44422144421211200211212444210444
42221444442221211212224444421004
52214444442222222222224444442125
82214444448522222222584444442228
